    0.0148315,
    0.000579834,
    -0.015625,
    0.0156097,
    -0.0154266,
    0.00796509,
    -0.0131836,
    0.00390625,
    -0.000167847,
    -0.0106354,
    -0.0133362,
    0.0129242,
    0.0141144,
    -0.0154266,
    0.0156097,
    0.0151062,
    0.0124207,
    -0.00524902,
    -0.00100708,
    -0.0144196,
    0.0149841,
    0.0155487,
    -0.0105896,
    -0.00587463,
    -0.00335693,
    0.00480652,
    -0.014267,
    0.0146942,
    0.0139771,
    -0.00895691,
    -0.00447083,
    -0.0154114,
    -0.00311279,
    0.0150299,
    -0.0137482,
    0.0129395,
    -0.00979614,
    0.0156097,
    0.0155945,
    0.0140839,
    0.00628662,
    0.0126801,
    -0.003479,
    0.0129547,
    0.00392151,
    0.0150757,
    0.00788879,
    -0.00738525,
    -0.0121613,
    0.0148468,
    -0.00143433,
    0.00415039,
    0.00286865,
    -0.0130768,
    0.00341797,
    0.00411987,
    0.00453186,
    -0.0153809,
    -0.00900269,
    0.0115356,
    0.00808716,
    -0.0112,
    0.00871277,
    0.0143433
