    -0.0197601,
    -0.0162048,
    0.0151215,
    -0.0154877,
    0.0179749,
    -0.0214081,
    0.004776,
    0.0112152,
    -0.0154572,
    0.0220795,
    0.0214844,
    -0.0217133,
    -0.0207977,
    0.0128784,
    -0.015152,
    -0.0190582,
    -0.0218964,
    -0.00947571,
    -0.0145874,
    0.0204468,
    -0.0106201,
    -0.0140381,
    -0.000915527,
    -0.00862122,
    0.0186157,
    0.0100555,
    0.00785828,
    -0.0200043,
    -0.00701904,
    0.021759,
    0.0194397,
    0.0127716,
    0.0184174,
    -0.0193024,
    0.0211639,
    -0.021698,
    -0.00239563,
    -0.0162964,
    -0.0148468,
    -0.0208588,
    0.00801086,
    -0.00357056,
    0.0187073,
    -0.0216827,
    0.0112,
    -0.0109863,
    0.00558472,
    -0.00639343,
    0.0219727,
    -0.00999451,
    -0.0141296,
    0.01091,
    0.0124817,
    0.021637,
    0.0118256,
    0.0109406,
    -0.0194855,
    0.0125885,
    0.0217743,
    -0.0220642,
    0.00527954,
    0.0220947,
    0.00424194,
    -0.00816345
