    0.00990295,
    -0.0150452,
    -0.0161285,
    0.0157318,
    -0.0128784,
    -0.00547791,
    -0.0215912,
    0.0190277,
    -0.0157928,
    0.000808716,
    -0.00518799,
    0.00413513,
    0.00743103,
    -0.0179749,
    0.0160675,
    0.0111542,
    0.00294495,
    -0.0199738,
    -0.0166016,
    -0.00839233,
    0.0193481,
    0.0170593,
    -0.0220947,
    -0.0203705,
    0.0119019,
    0.0196686,
    -0.0206757,
    0.00938416,
    0.0209351,
    0.00384521,
    0.010498,
    -0.0180511,
    0.0121918,
    0.0107574,
    -0.0063324,
    0.00418091,
    -0.0219879,
    0.0149231,
    0.0163422,
    0.00730896,
    0.0205841,
    0.0217896,
    0.0117493,
    0.00422668,
    0.019043,
    0.019165,
    0.0213623,
    -0.0211639,
    -0.00234985,
    0.0196991,
    -0.0169983,
    0.0192108,
    0.018219,
    -0.0045166,
    0.0186615,
    0.0191803,
    -0.0104218,
    -0.0181732,
    0.00376892,
    0.00100708,
    0.0214539,
    -0.000305176,
    0.0216675,
    0.0205231
